100 4950
0 1 100
0 2 26
0 3 89
0 4 76
0 5 89
0 6 74
0 7 13
0 8 21
0 9 81
0 10 95
0 11 33
0 12 86
0 13 60
0 14 13
0 15 92
0 16 9
0 17 83
0 18 66
0 19 99
0 20 24
0 21 39
0 22 97
0 23 28
0 24 92
0 25 20
0 26 28
0 27 64
0 28 70
0 29 67
0 30 85
0 31 47
0 32 45
0 33 89
0 34 49
0 35 21
0 36 96
0 37 18
0 38 90
0 39 22
0 40 73
0 41 3
0 42 19
0 43 57
0 44 51
0 45 88
0 46 92
0 47 55
0 48 82
0 49 95
0 50 12
0 51 49
0 52 27
0 53 63
0 54 97
0 55 77
0 56 75
0 57 11
0 58 89
0 59 20
0 60 69
0 61 76
0 62 62
0 63 86
0 64 99
0 65 64
0 66 96
0 67 46
0 68 15
0 69 13
0 70 19
0 71 77
0 72 80
0 73 61
0 74 47
0 75 57
0 76 1
0 77 30
0 78 31
0 79 16
0 80 2
0 81 56
0 82 2
0 83 40
0 84 8
0 85 44
0 86 15
0 87 1
0 88 48
0 89 17
0 90 97
0 91 85
0 92 79
0 93 3
0 94 98
0 95 51
0 96 52
0 97 22
0 98 7
0 99 38
1 2 24
1 3 86
1 4 72
1 5 13
1 6 89
1 7 100
1 8 59
1 9 66
1 10 99
1 11 57
1 12 34
1 13 92
1 14 94
1 15 2
1 16 63
1 17 50
1 18 74
1 19 16
1 20 83
1 21 6
1 22 69
1 23 52
1 24 22
1 25 28
1 26 44
1 27 41
1 28 67
1 29 57
1 30 7
1 31 66
1 32 27
1 33 7
1 34 15
1 35 28
1 36 33
1 37 77
1 38 8
1 39 97
1 40 31
1 41 59
1 42 40
1 43 91
1 44 2
1 45 79
1 46 21
1 47 45
1 48 12
1 49 52
1 50 39
1 51 22
1 52 91
1 53 96
1 54 76
1 55 75
1 56 38
1 57 1
1 58 73
1 59 52
1 60 73
1 61 32
1 62 74
1 63 48
1 64 34
1 65 47
1 66 92
1 67 22
1 68 18
1 69 4
1 70 33
1 71 27
1 72 84
1 73 87
1 74 66
1 75 54
1 76 72
1 77 43
1 78 61
1 79 46
1 80 56
1 81 35
1 82 96
1 83 65
1 84 6
1 85 99
1 86 67
1 87 95
1 88 98
1 89 2
1 90 61
1 91 77
1 92 84
1 93 16
1 94 50
1 95 21
1 96 47
1 97 52
1 98 83
1 99 99
2 3 61
2 4 55
2 5 27
2 6 82
2 7 78
2 8 52
2 9 43
2 10 27
2 11 51
2 12 44
2 13 70
2 14 41
2 15 60
2 16 59
2 17 89
2 18 91
2 19 38
2 20 62
2 21 52
2 22 95
2 23 57
2 24 46
2 25 73
2 26 16
2 27 97
2 28 2
2 29 33
2 30 44
2 31 22
2 32 42
2 33 49
2 34 19
2 35 90
2 36 58
2 37 55
2 38 60
2 39 32
2 40 63
2 41 83
2 42 70
2 43 29
2 44 4
2 45 21
2 46 64
2 47 41
2 48 85
2 49 76
2 50 88
2 51 59
2 52 95
2 53 87
2 54 4
2 55 84
2 56 51
2 57 3
2 58 84
2 59 11
2 60 50
2 61 18
2 62 64
2 63 66
2 64 80
2 65 93
2 66 52
2 67 78
2 68 44
2 69 78
2 70 82
2 71 91
2 72 40
2 73 13
2 74 74
2 75 1
2 76 42
2 77 10
2 78 90
2 79 87
2 80 5
2 81 82
2 82 46
2 83 1
2 84 47
2 85 32
2 86 6
2 87 46
2 88 70
2 89 78
2 90 79
2 91 98
2 92 47
2 93 29
2 94 84
2 95 96
2 96 51
2 97 47
2 98 4
2 99 67
3 4 33
3 5 36
3 6 25
3 7 34
3 8 3
3 9 52
3 10 86
3 11 49
3 12 84
3 13 18
3 14 47
3 15 61
3 16 31
3 17 98
3 18 31
3 19 65
3 20 4
3 21 44
3 22 88
3 23 51
3 24 95
3 25 18
3 26 18
3 27 5
3 28 27
3 29 66
3 30 93
3 31 60
3 32 32
3 33 60
3 34 73
3 35 19
3 36 30
3 37 6
3 38 23
3 39 83
3 40 57
3 41 24
3 42 51
3 43 16
3 44 75
3 45 44
3 46 50
3 47 52
3 48 95
3 49 81
3 50 12
3 51 7
3 52 64
3 53 73
3 54 40
3 55 65
3 56 75
3 57 71
3 58 61
3 59 71
3 60 87
3 61 44
3 62 72
3 63 90
3 64 51
3 65 33
3 66 44
3 67 70
3 68 79
3 69 92
3 70 30
3 71 78
3 72 62
3 73 6
3 74 76
3 75 55
3 76 94
3 77 5
3 78 100
3 79 64
3 80 96
3 81 23
3 82 67
3 83 54
3 84 64
3 85 10
3 86 82
3 87 2
3 88 68
3 89 51
3 90 44
3 91 50
3 92 31
3 93 61
3 94 62
3 95 99
3 96 3
3 97 46
3 98 82
3 99 22
4 5 91
4 6 86
4 7 86
4 8 30
4 9 57
4 10 5
4 11 41
4 12 9
4 13 64
4 14 73
4 15 88
4 16 70
4 17 28
4 18 5
4 19 9
4 20 17
4 21 7
4 22 90
4 23 22
4 24 59
4 25 23
4 26 51
4 27 9
4 28 34
4 29 8
4 30 32
4 31 88
4 32 40
4 33 38
4 34 68
4 35 82
4 36 66
4 37 93
4 38 24
4 39 65
4 40 32
4 41 54
4 42 25
4 43 63
4 44 20
4 45 13
4 46 10
4 47 59
4 48 46
4 49 18
4 50 6
4 51 97
4 52 96
4 53 47
4 54 6
4 55 65
4 56 51
4 57 2
4 58 78
4 59 1
4 60 36
4 61 26
4 62 3
4 63 28
4 64 45
4 65 28
4 66 93
4 67 23
4 68 33
4 69 18
4 70 35
4 71 20
4 72 92
4 73 95
4 74 41
4 75 31
4 76 9
4 77 48
4 78 68
4 79 69
4 80 88
4 81 17
4 82 91
4 83 6
4 84 14
4 85 34
4 86 84
4 87 74
4 88 59
4 89 32
4 90 94
4 91 28
4 92 85
4 93 18
4 94 96
4 95 58
4 96 18
4 97 12
4 98 26
4 99 77
5 6 47
5 7 64
5 8 78
5 9 86
5 10 80
5 11 17
5 12 78
5 13 41
5 14 19
5 15 10
5 16 7
5 17 20
5 18 71
5 19 89
5 20 93
5 21 63
5 22 38
5 23 96
5 24 99
5 25 63
5 26 51
5 27 35
5 28 94
5 29 77
5 30 37
5 31 42
5 32 37
5 33 40
5 34 7
5 35 85
5 36 86
5 37 85
5 38 96
5 39 18
5 40 100
5 41 31
5 42 9
5 43 87
5 44 94
5 45 57
5 46 59
5 47 64
5 48 60
5 49 99
5 50 4
5 51 8
5 52 92
5 53 11
5 54 100
5 55 27
5 56 93
5 57 34
5 58 31
5 59 83
5 60 75
5 61 13
5 62 2
5 63 87
5 64 12
5 65 11
5 66 25
5 67 81
5 68 57
5 69 1
5 70 23
5 71 68
5 72 21
5 73 100
5 74 5
5 75 43
5 76 39
5 77 81
5 78 38
5 79 8
5 80 2
5 81 94
5 82 92
5 83 98
5 84 19
5 85 60
5 86 55
5 87 9
5 88 35
5 89 24
5 90 50
5 91 26
5 92 68
5 93 7
5 94 39
5 95 54
5 96 98
5 97 95
5 98 63
5 99 29
6 7 67
6 8 59
6 9 79
6 10 92
6 11 58
6 12 77
6 13 39
6 14 76
6 15 63
6 16 46
6 17 74
6 18 23
6 19 83
6 20 85
6 21 28
6 22 38
6 23 41
6 24 34
6 25 53
6 26 78
6 27 75
6 28 40
6 29 17
6 30 20
6 31 48
6 32 36
6 33 29
6 34 80
6 35 32
6 36 62
6 37 78
6 38 51
6 39 31
6 40 59
6 41 56
6 42 82
6 43 30
6 44 10
6 45 54
6 46 52
6 47 82
6 48 75
6 49 97
6 50 10
6 51 22
6 52 31
6 53 7
6 54 38
6 55 36
6 56 95
6 57 11
6 58 79
6 59 39
6 60 9
6 61 69
6 62 58
6 63 91
6 64 62
6 65 20
6 66 33
6 67 69
6 68 94
6 69 93
6 70 98
6 71 45
6 72 66
6 73 68
6 74 52
6 75 53
6 76 82
6 77 24
6 78 89
6 79 29
6 80 85
6 81 31
6 82 83
6 83 79
6 84 47
6 85 90
6 86 77
6 87 65
6 88 65
6 89 89
6 90 90
6 91 89
6 92 13
6 93 59
6 94 53
6 95 9
6 96 42
6 97 42
6 98 73
6 99 74
7 8 7
7 9 3
7 10 84
7 11 87
7 12 33
7 13 13
7 14 79
7 15 70
7 16 45
7 17 97
7 18 39
7 19 3
7 20 72
7 21 21
7 22 92
7 23 83
7 24 52
7 25 10
7 26 86
7 27 50
7 28 43
7 29 98
7 30 8
7 31 15
7 32 72
7 33 8
7 34 79
7 35 30
7 36 33
7 37 13
7 38 71
7 39 68
7 40 89
7 41 73
7 42 49
7 43 44
7 44 47
7 45 4
7 46 26
7 47 20
7 48 99
7 49 67
7 50 59
7 51 98
7 52 97
7 53 3
7 54 30
7 55 75
7 56 80
7 57 88
7 58 81
7 59 9
7 60 5
7 61 77
7 62 83
7 63 30
7 64 88
7 65 34
7 66 2
7 67 32
7 68 1
7 69 47
7 70 85
7 71 21
7 72 76
7 73 99
7 74 34
7 75 96
7 76 32
7 77 1
7 78 31
7 79 45
7 80 6
7 81 12
7 82 52
7 83 6
7 84 28
7 85 51
7 86 15
7 87 51
7 88 28
7 89 62
7 90 56
7 91 46
7 92 3
7 93 27
7 94 2
7 95 44
7 96 38
7 97 90
7 98 73
7 99 95
8 9 33
8 10 18
8 11 57
8 12 32
8 13 18
8 14 60
8 15 75
8 16 96
8 17 46
8 18 80
8 19 53
8 20 99
8 21 65
8 22 11
8 23 90
8 24 21
8 25 33
8 26 29
8 27 98
8 28 10
8 29 47
8 30 28
8 31 39
8 32 35
8 33 6
8 34 53
8 35 13
8 36 42
8 37 66
8 38 66
8 39 47
8 40 63
8 41 67
8 42 10
8 43 72
8 44 81
8 45 58
8 46 68
8 47 95
8 48 73
8 49 75
8 50 28
8 51 92
8 52 19
8 53 94
8 54 44
8 55 65
8 56 57
8 57 34
8 58 23
8 59 3
8 60 17
8 61 63
8 62 1
8 63 34
8 64 72
8 65 60
8 66 2
8 67 26
8 68 64
8 69 31
8 70 82
8 71 63
8 72 7
8 73 15
8 74 72
8 75 4
8 76 2
8 77 29
8 78 9
8 79 36
8 80 76
8 81 51
8 82 47
8 83 13
8 84 45
8 85 78
8 86 23
8 87 60
8 88 43
8 89 68
8 90 86
8 91 86
8 92 34
8 93 70
8 94 44
8 95 15
8 96 66
8 97 16
8 98 56
8 99 85
9 10 72
9 11 53
9 12 98
9 13 92
9 14 5
9 15 96
9 16 71
9 17 96
9 18 5
9 19 84
9 20 10
9 21 71
9 22 73
9 23 54
9 24 25
9 25 77
9 26 21
9 27 87
9 28 92
9 29 52
9 30 65
9 31 97
9 32 3
9 33 19
9 34 28
9 35 33
9 36 2
9 37 90
9 38 16
9 39 43
9 40 92
9 41 52
9 42 7
9 43 44
9 44 16
9 45 43
9 46 58
9 47 54
9 48 73
9 49 74
9 50 37
9 51 56
9 52 58
9 53 5
9 54 38
9 55 71
9 56 81
9 57 43
9 58 49
9 59 1
9 60 7
9 61 74
9 62 91
9 63 3
9 64 4
9 65 23
9 66 1
9 67 33
9 68 88
9 69 56
9 70 30
9 71 70
9 72 59
9 73 51
9 74 66
9 75 86
9 76 52
9 77 5
9 78 35
9 79 69
9 80 24
9 81 50
9 82 10
9 83 55
9 84 6
9 85 66
9 86 89
9 87 40
9 88 81
9 89 12
9 90 35
9 91 55
9 92 72
9 93 5
9 94 96
9 95 72
9 96 34
9 97 20
9 98 67
9 99 50
10 11 43
10 12 74
10 13 65
10 14 18
10 15 72
10 16 95
10 17 59
10 18 74
10 19 59
10 20 86
10 21 10
10 22 3
10 23 64
10 24 35
10 25 19
10 26 25
10 27 67
10 28 27
10 29 68
10 30 79
10 31 21
10 32 95
10 33 53
10 34 3
10 35 90
10 36 80
10 37 30
10 38 94
10 39 55
10 40 78
10 41 25
10 42 79
10 43 59
10 44 22
10 45 37
10 46 80
10 47 100
10 48 91
10 49 5
10 50 67
10 51 52
10 52 36
10 53 47
10 54 28
10 55 21
10 56 62
10 57 65
10 58 91
10 59 51
10 60 51
10 61 69
10 62 60
10 63 50
10 64 78
10 65 29
10 66 92
10 67 45
10 68 20
10 69 14
10 70 87
10 71 75
10 72 17
10 73 97
10 74 61
10 75 76
10 76 79
10 77 8
10 78 67
10 79 10
10 80 62
10 81 10
10 82 72
10 83 73
10 84 18
10 85 84
10 86 96
10 87 37
10 88 26
10 89 34
10 90 5
10 91 31
10 92 19
10 93 70
10 94 20
10 95 13
10 96 3
10 97 5
10 98 46
10 99 92
11 12 9
11 13 49
11 14 67
11 15 79
11 16 1
11 17 12
11 18 88
11 19 62
11 20 83
11 21 82
11 22 7
11 23 39
11 24 31
11 25 14
11 26 37
11 27 28
11 28 57
11 29 61
11 30 58
11 31 70
11 32 13
11 33 81
11 34 4
11 35 32
11 36 88
11 37 40
11 38 23
11 39 39
11 40 99
11 41 48
11 42 73
11 43 78
11 44 67
11 45 22
11 46 70
11 47 10
11 48 89
11 49 45
11 50 76
11 51 92
11 52 72
11 53 49
11 54 91
11 55 39
11 56 38
11 57 52
11 58 8
11 59 93
11 60 81
11 61 56
11 62 96
11 63 9
11 64 81
11 65 64
11 66 21
11 67 51
11 68 75
11 69 86
11 70 85
11 71 46
11 72 55
11 73 20
11 74 62
11 75 30
11 76 38
11 77 78
11 78 8
11 79 3
11 80 58
11 81 27
11 82 71
11 83 93
11 84 35
11 85 97
11 86 83
11 87 72
11 88 46
11 89 4
11 90 53
11 91 61
11 92 54
11 93 92
11 94 59
11 95 22
11 96 94
11 97 61
11 98 27
11 99 14
12 13 6
12 14 32
12 15 4
12 16 12
12 17 16
12 18 76
12 19 73
12 20 45
12 21 93
12 22 28
12 23 51
12 24 59
12 25 62
12 26 83
12 27 31
12 28 39
12 29 86
12 30 41
12 31 50
12 32 21
12 33 96
12 34 82
12 35 83
12 36 15
12 37 79
12 38 56
12 39 75
12 40 66
12 41 80
12 42 15
12 43 69
12 44 97
12 45 33
12 46 90
12 47 47
12 48 35
12 49 73
12 50 71
12 51 2
12 52 93
12 53 94
12 54 71
12 55 68
12 56 49
12 57 13
12 58 28
12 59 61
12 60 84
12 61 13
12 62 80
12 63 23
12 64 74
12 65 5
12 66 5
12 67 7
12 68 91
12 69 28
12 70 81
12 71 76
12 72 50
12 73 4
12 74 13
12 75 42
12 76 67
12 77 59
12 78 50
12 79 75
12 80 35
12 81 27
12 82 85
12 83 68
12 84 45
12 85 48
12 86 14
12 87 59
12 88 64
12 89 44
12 90 99
12 91 22
12 92 66
12 93 50
12 94 9
12 95 21
12 96 14
12 97 99
12 98 8
12 99 73
13 14 21
13 15 21
13 16 92
13 17 13
13 18 3
13 19 25
13 20 47
13 21 16
13 22 99
13 23 46
13 24 80
13 25 12
13 26 13
13 27 40
13 28 85
13 29 76
13 30 38
13 31 41
13 32 82
13 33 58
13 34 92
13 35 60
13 36 90
13 37 1
13 38 49
13 39 14
13 40 81
13 41 90
13 42 62
13 43 9
13 44 79
13 45 88
13 46 8
13 47 59
13 48 44
13 49 6
13 50 87
13 51 96
13 52 50
13 53 75
13 54 61
13 55 57
13 56 14
13 57 14
13 58 51
13 59 9
13 60 88
13 61 3
13 62 41
13 63 81
13 64 55
13 65 11
13 66 100
13 67 84
13 68 98
13 69 52
13 70 81
13 71 83
13 72 38
13 73 12
13 74 54
13 75 42
13 76 2
13 77 24
13 78 6
13 79 70
13 80 32
13 81 54
13 82 66
13 83 39
13 84 2
13 85 4
13 86 30
13 87 30
13 88 15
13 89 59
13 90 97
13 91 58
13 92 22
13 93 64
13 94 15
13 95 58
13 96 66
13 97 55
13 98 39
13 99 87
14 15 66
14 16 32
14 17 52
14 18 28
14 19 78
14 20 18
14 21 90
14 22 37
14 23 27
14 24 7
14 25 72
14 26 87
14 27 99
14 28 8
14 29 84
14 30 28
14 31 74
14 32 30
14 33 24
14 34 13
14 35 70
14 36 53
14 37 43
14 38 32
14 39 82
14 40 12
14 41 3
14 42 11
14 43 48
14 44 75
14 45 81
14 46 28
14 47 6
14 48 53
14 49 22
14 50 7
14 51 36
14 52 92
14 53 4
14 54 41
14 55 91
14 56 66
14 57 70
14 58 90
14 59 23
14 60 64
14 61 64
14 62 2
14 63 84
14 64 86
14 65 92
14 66 5
14 67 60
14 68 87
14 69 98
14 70 13
14 71 27
14 72 7
14 73 35
14 74 97
14 75 68
14 76 87
14 77 18
14 78 66
14 79 55
14 80 20
14 81 60
14 82 63
14 83 96
14 84 94
14 85 72
14 86 76
14 87 4
14 88 65
14 89 13
14 90 100
14 91 9
14 92 70
14 93 89
14 94 60
14 95 50
14 96 48
14 97 61
14 98 66
14 99 46
15 16 24
15 17 91
15 18 90
15 19 17
15 20 49
15 21 59
15 22 61
15 23 41
15 24 67
15 25 42
15 26 45
15 27 99
15 28 27
15 29 21
15 30 72
15 31 78
15 32 32
15 33 66
15 34 10
15 35 93
15 36 50
15 37 10
15 38 73
15 39 40
15 40 16
15 41 39
15 42 54
15 43 26
15 44 57
15 45 66
15 46 92
15 47 100
15 48 28
15 49 35
15 50 66
15 51 23
15 52 70
15 53 62
15 54 82
15 55 58
15 56 95
15 57 28
15 58 84
15 59 44
15 60 95
15 61 32
15 62 35
15 63 47
15 64 76
15 65 68
15 66 2
15 67 89
15 68 93
15 69 41
15 70 59
15 71 70
15 72 13
15 73 59
15 74 25
15 75 67
15 76 29
15 77 27
15 78 4
15 79 82
15 80 50
15 81 97
15 82 37
15 83 33
15 84 14
15 85 73
15 86 41
15 87 70
15 88 93
15 89 45
15 90 93
15 91 71
15 92 57
15 93 43
15 94 55
15 95 20
15 96 44
15 97 35
15 98 75
15 99 39
16 17 10
16 18 10
16 19 4
16 20 32
16 21 88
16 22 67
16 23 47
16 24 95
16 25 23
16 26 2
16 27 64
16 28 36
16 29 15
16 30 12
16 31 12
16 32 90
16 33 41
16 34 12
16 35 13
16 36 27
16 37 53
16 38 82
16 39 16
16 40 28
16 41 79
16 42 98
16 43 6
16 44 53
16 45 15
16 46 87
16 47 81
16 48 100
16 49 88
16 50 35
16 51 42
16 52 2
16 53 54
16 54 74
16 55 36
16 56 73
16 57 52
16 58 34
16 59 52
16 60 57
16 61 13
16 62 79
16 63 13
16 64 33
16 65 84
16 66 48
16 67 82
16 68 28
16 69 67
16 70 18
16 71 54
16 72 19
16 73 98
16 74 49
16 75 34
16 76 33
16 77 25
16 78 95
16 79 24
16 80 4
16 81 97
16 82 72
16 83 46
16 84 33
16 85 28
16 86 18
16 87 57
16 88 17
16 89 46
16 90 69
16 91 81
16 92 65
16 93 91
16 94 45
16 95 72
16 96 73
16 97 19
16 98 1
16 99 21
17 18 76
17 19 64
17 20 56
17 21 29
17 22 15
17 23 96
17 24 47
17 25 3
17 26 42
17 27 41
17 28 73
17 29 72
17 30 82
17 31 22
17 32 93
17 33 81
17 34 77
17 35 38
17 36 14
17 37 62
17 38 95
17 39 8
17 40 71
17 41 63
17 42 5
17 43 100
17 44 24
17 45 48
17 46 4
17 47 4
17 48 71
17 49 78
17 50 12
17 51 54
17 52 40
17 53 89
17 54 97
17 55 5
17 56 63
17 57 98
17 58 77
17 59 73
17 60 81
17 61 52
17 62 64
17 63 94
17 64 75
17 65 69
17 66 10
17 67 8
17 68 76
17 69 3
17 70 67
17 71 56
17 72 56
17 73 74
17 74 21
17 75 41
17 76 49
17 77 38
17 78 88
17 79 49
17 80 86
17 81 46
17 82 28
17 83 47
17 84 87
17 85 15
17 86 31
17 87 92
17 88 84
17 89 16
17 90 83
17 91 17
17 92 45
17 93 96
17 94 89
17 95 14
17 96 48
17 97 74
17 98 48
17 99 25
18 19 71
18 20 32
18 21 11
18 22 2
18 23 91
18 24 32
18 25 44
18 26 36
18 27 10
18 28 90
18 29 66
18 30 28
18 31 42
18 32 84
18 33 78
18 34 27
18 35 17
18 36 65
18 37 41
18 38 23
18 39 89
18 40 80
18 41 19
18 42 89
18 43 16
18 44 15
18 45 99
18 46 75
18 47 35
18 48 80
18 49 87
18 50 1
18 51 32
18 52 89
18 53 81
18 54 57
18 55 84
18 56 25
18 57 81
18 58 16
18 59 78
18 60 56
18 61 1
18 62 39
18 63 88
18 64 53
18 65 71
18 66 38
18 67 62
18 68 25
18 69 81
18 70 31
18 71 57
18 72 92
18 73 62
18 74 39
18 75 86
18 76 53
18 77 41
18 78 13
18 79 46
18 80 34
18 81 19
18 82 3
18 83 55
18 84 82
18 85 99
18 86 43
18 87 50
18 88 56
18 89 6
18 90 62
18 91 53
18 92 44
18 93 75
18 94 58
18 95 5
18 96 6
18 97 66
18 98 55
18 99 76
19 20 71
19 21 97
19 22 62
19 23 77
19 24 58
19 25 92
19 26 15
19 27 59
19 28 94
19 29 32
19 30 10
19 31 48
19 32 64
19 33 96
19 34 40
19 35 5
19 36 34
19 37 6
19 38 67
19 39 46
19 40 63
19 41 82
19 42 32
19 43 87
19 44 31
19 45 35
19 46 55
19 47 4
19 48 1
19 49 22
19 50 86
19 51 30
19 52 97
19 53 4
19 54 30
19 55 54
19 56 95
19 57 27
19 58 32
19 59 9
19 60 98
19 61 39
19 62 88
19 63 65
19 64 67
19 65 64
19 66 67
19 67 8
19 68 55
19 69 36
19 70 83
19 71 61
19 72 98
19 73 67
19 74 18
19 75 31
19 76 86
19 77 13
19 78 9
19 79 41
19 80 24
19 81 27
19 82 15
19 83 93
19 84 93
19 85 77
19 86 83
19 87 79
19 88 23
19 89 31
19 90 90
19 91 90
19 92 22
19 93 8
19 94 50
19 95 16
19 96 49
19 97 91
19 98 20
19 99 85
20 21 44
20 22 48
20 23 85
20 24 54
20 25 48
20 26 77
20 27 43
20 28 46
20 29 64
20 30 40
20 31 8
20 32 33
20 33 62
20 34 10
20 35 3
20 36 92
20 37 75
20 38 92
20 39 53
20 40 67
20 41 73
20 42 73
20 43 55
20 44 48
20 45 54
20 46 95
20 47 82
20 48 19
20 49 61
20 50 98
20 51 27
20 52 36
20 53 48
20 54 1
20 55 67
20 56 57
20 57 33
20 58 87
20 59 62
20 60 62
20 61 41
20 62 83
20 63 22
20 64 25
20 65 81
20 66 16
20 67 74
20 68 76
20 69 55
20 70 8
20 71 37
20 72 59
20 73 31
20 74 76
20 75 59
20 76 59
20 77 85
20 78 35
20 79 94
20 80 13
20 81 26
20 82 8
20 83 53
20 84 17
20 85 93
20 86 7
20 87 99
20 88 99
20 89 24
20 90 2
20 91 10
20 92 52
20 93 79
20 94 97
20 95 25
20 96 19
20 97 45
20 98 63
20 99 64
21 22 67
21 23 60
21 24 47
21 25 17
21 26 68
21 27 59
21 28 25
21 29 94
21 30 70
21 31 7
21 32 59
21 33 99
21 34 43
21 35 90
21 36 100
21 37 93
21 38 65
21 39 28
21 40 50
21 41 32
21 42 27
21 43 87
21 44 48
21 45 54
21 46 79
21 47 22
21 48 56
21 49 52
21 50 40
21 51 16
21 52 93
21 53 7
21 54 98
21 55 37
21 56 78
21 57 88
21 58 39
21 59 85
21 60 27
21 61 38
21 62 89
21 63 83
21 64 37
21 65 12
21 66 98
21 67 78
21 68 19
21 69 38
21 70 72
21 71 8
21 72 44
21 73 53
21 74 9
21 75 97
21 76 40
21 77 35
21 78 95
21 79 84
21 80 77
21 81 90
21 82 56
21 83 81
21 84 18
21 85 70
21 86 27
21 87 82
21 88 48
21 89 52
21 90 33
21 91 62
21 92 53
21 93 37
21 94 22
21 95 30
21 96 63
21 97 27
21 98 19
21 99 92
22 23 39
22 24 42
22 25 87
22 26 47
22 27 22
22 28 56
22 29 61
22 30 88
22 31 42
22 32 84
22 33 15
22 34 18
22 35 11
22 36 71
22 37 46
22 38 56
22 39 50
22 40 57
22 41 48
22 42 37
22 43 32
22 44 51
22 45 53
22 46 20
22 47 33
22 48 5
22 49 95
22 50 11
22 51 97
22 52 6
22 53 10
22 54 18
22 55 89
22 56 91
22 57 44
22 58 4
22 59 77
22 60 54
22 61 20
22 62 33
22 63 65
22 64 32
22 65 22
22 66 46
22 67 61
22 68 92
22 69 93
22 70 12
22 71 34
22 72 71
22 73 45
22 74 33
22 75 37
22 76 83
22 77 53
22 78 57
22 79 16
22 80 37
22 81 4
22 82 51
22 83 84
22 84 97
22 85 87
22 86 65
22 87 42
22 88 94
22 89 57
22 90 77
22 91 6
22 92 51
22 93 16
22 94 99
22 95 21
22 96 92
22 97 97
22 98 89
22 99 73
23 24 99
23 25 69
23 26 38
23 27 86
23 28 87
23 29 93
23 30 53
23 31 20
23 32 54
23 33 78
23 34 88
23 35 51
23 36 57
23 37 75
23 38 4
23 39 8
23 40 95
23 41 68
23 42 91
23 43 1
23 44 36
23 45 36
23 46 84
23 47 69
23 48 100
23 49 42
23 50 89
23 51 8
23 52 33
23 53 75
23 54 93
23 55 2
23 56 80
23 57 59
23 58 82
23 59 26
23 60 59
23 61 30
23 62 34
23 63 51
23 64 44
23 65 41
23 66 45
23 67 30
23 68 71
23 69 21
23 70 70
23 71 70
23 72 11
23 73 15
23 74 7
23 75 3
23 76 51
23 77 67
23 78 57
23 79 82
23 80 96
23 81 97
23 82 85
23 83 96
23 84 96
23 85 17
23 86 50
23 87 64
23 88 64
23 89 48
23 90 71
23 91 31
23 92 32
23 93 51
23 94 12
23 95 56
23 96 45
23 97 21
23 98 74
23 99 45
24 25 30
24 26 81
24 27 29
24 28 2
24 29 14
24 30 22
24 31 24
24 32 91
24 33 95
24 34 26
24 35 95
24 36 49
24 37 69
24 38 28
24 39 82
24 40 46
24 41 94
24 42 10
24 43 86
24 44 99
24 45 78
24 46 60
24 47 4
24 48 36
24 49 27
24 50 16
24 51 54
24 52 83
24 53 24
24 54 51
24 55 61
24 56 12
24 57 90
24 58 71
24 59 7
24 60 64
24 61 92
24 62 97
24 63 24
24 64 1
24 65 50
24 66 54
24 67 60
24 68 74
24 69 12
24 70 63
24 71 73
24 72 58
24 73 42
24 74 47
24 75 99
24 76 79
24 77 61
24 78 13
24 79 40
24 80 73
24 81 66
24 82 59
24 83 2
24 84 69
24 85 22
24 86 46
24 87 36
24 88 78
24 89 56
24 90 17
24 91 87
24 92 61
24 93 1
24 94 9
24 95 83
24 96 29
24 97 25
24 98 26
24 99 2
25 26 34
25 27 60
25 28 75
25 29 25
25 30 61
25 31 61
25 32 52
25 33 71
25 34 93
25 35 15
25 36 22
25 37 24
25 38 39
25 39 12
25 40 99
25 41 28
25 42 67
25 43 32
25 44 6
25 45 56
25 46 41
25 47 49
25 48 33
25 49 70
25 50 52
25 51 46
25 52 15
25 53 34
25 54 13
25 55 76
25 56 4
25 57 82
25 58 16
25 59 67
25 60 67
25 61 76
25 62 93
25 63 20
25 64 42
25 65 17
25 66 75
25 67 19
25 68 100
25 69 40
25 70 95
25 71 35
25 72 34
25 73 86
25 74 70
25 75 78
25 76 45
25 77 10
25 78 89
25 79 44
25 80 31
25 81 93
25 82 87
25 83 46
25 84 51
25 85 61
25 86 78
25 87 8
25 88 63
25 89 71
25 90 7
25 91 33
25 92 10
25 93 26
25 94 15
25 95 77
25 96 29
25 97 76
25 98 16
25 99 72
26 27 56
26 28 59
26 29 29
26 30 35
26 31 95
26 32 17
26 33 83
26 34 86
26 35 26
26 36 86
26 37 2
26 38 63
26 39 9
26 40 43
26 41 4
26 42 5
26 43 18
26 44 65
26 45 21
26 46 60
26 47 61
26 48 16
26 49 1
26 50 90
26 51 29
26 52 95
26 53 20
26 54 18
26 55 34
26 56 32
26 57 21
26 58 11
26 59 32
26 60 72
26 61 22
26 62 10
26 63 91
26 64 10
26 65 50
26 66 32
26 67 56
26 68 86
26 69 91
26 70 64
26 71 26
26 72 26
26 73 15
26 74 51
26 75 25
26 76 10
26 77 59
26 78 12
26 79 54
26 80 9
26 81 32
26 82 20
26 83 65
26 84 38
26 85 46
26 86 10
26 87 28
26 88 68
26 89 51
26 90 2
26 91 95
26 92 19
26 93 11
26 94 35
26 95 14
26 96 91
26 97 4
26 98 96
26 99 39
27 28 12
27 29 30
27 30 39
27 31 36
27 32 38
27 33 29
27 34 84
27 35 86
27 36 96
27 37 21
27 38 40
27 39 59
27 40 64
27 41 63
27 42 30
27 43 78
27 44 9
27 45 20
27 46 29
27 47 49
27 48 29
27 49 9
27 50 61
27 51 6
27 52 87
27 53 70
27 54 80
27 55 39
27 56 16
27 57 74
27 58 77
27 59 12
27 60 15
27 61 51
27 62 51
27 63 3
27 64 19
27 65 87
27 66 4
27 67 32
27 68 67
27 69 26
27 70 42
27 71 66
27 72 24
27 73 28
27 74 2
27 75 74
27 76 7
27 77 93
27 78 13
27 79 3
27 80 32
27 81 62
27 82 1
27 83 78
27 84 17
27 85 3
27 86 69
27 87 18
27 88 16
27 89 12
27 90 41
27 91 36
27 92 10
27 93 41
27 94 86
27 95 49
27 96 79
27 97 56
27 98 88
27 99 45
28 29 72
28 30 41
28 31 31
28 32 52
28 33 23
28 34 58
28 35 54
28 36 72
28 37 11
28 38 18
28 39 67
28 40 25
28 41 10
28 42 57
28 43 68
28 44 28
28 45 2
28 46 44
28 47 13
28 48 14
28 49 100
28 50 8
28 51 48
28 52 37
28 53 70
28 54 96
28 55 57
28 56 6
28 57 2
28 58 86
28 59 2
28 60 59
28 61 86
28 62 33
28 63 99
28 64 27
28 65 57
28 66 70
28 67 7
28 68 3
28 69 21
28 70 57
28 71 56
28 72 46
28 73 100
28 74 58
28 75 71
28 76 60
28 77 98
28 78 41
28 79 52
28 80 90
28 81 41
28 82 60
28 83 39
28 84 56
28 85 74
28 86 15
28 87 16
28 88 90
28 89 24
28 90 61
28 91 61
28 92 74
28 93 71
28 94 7
28 95 6
28 96 10
28 97 35
28 98 96
28 99 72
29 30 92
29 31 5
29 32 74
29 33 26
29 34 83
29 35 30
29 36 81
29 37 81
29 38 5
29 39 57
29 40 33
29 41 49
29 42 46
29 43 95
29 44 58
29 45 23
29 46 25
29 47 34
29 48 40
29 49 35
29 50 61
29 51 20
29 52 31
29 53 91
29 54 17
29 55 98
29 56 19
29 57 83
29 58 30
29 59 67
29 60 81
29 61 3
29 62 25
29 63 20
29 64 83
29 65 24
29 66 79
29 67 22
29 68 72
29 69 46
29 70 70
29 71 55
29 72 26
29 73 93
29 74 86
29 75 93
29 76 61
29 77 85
29 78 39
29 79 17
29 80 91
29 81 48
29 82 47
29 83 40
29 84 29
29 85 78
29 86 23
29 87 62
29 88 34
29 89 62
29 90 9
29 91 79
29 92 91
29 93 9
29 94 88
29 95 16
29 96 15
29 97 35
29 98 77
29 99 53
30 31 44
30 32 39
30 33 21
30 34 20
30 35 86
30 36 51
30 37 17
30 38 13
30 39 5
30 40 97
30 41 54
30 42 85
30 43 31
30 44 49
30 45 67
30 46 29
30 47 96
30 48 13
30 49 33
30 50 5
30 51 71
30 52 60
30 53 97
30 54 90
30 55 31
30 56 18
30 57 75
30 58 78
30 59 30
30 60 93
30 61 22
30 62 4
30 63 10
30 64 39
30 65 6
30 66 40
30 67 2
30 68 93
30 69 44
30 70 26
30 71 96
30 72 42
30 73 71
30 74 86
30 75 66
30 76 28
30 77 96
30 78 34
30 79 89
30 80 52
30 81 73
30 82 35
30 83 80
30 84 91
30 85 53
30 86 36
30 87 34
30 88 54
30 89 47
30 90 63
30 91 38
30 92 96
30 93 90
30 94 45
30 95 45
30 96 20
30 97 1
30 98 49
30 99 69
31 32 90
31 33 96
31 34 76
31 35 47
31 36 47
31 37 74
31 38 20
31 39 10
31 40 45
31 41 17
31 42 16
31 43 30
31 44 85
31 45 50
31 46 40
31 47 46
31 48 24
31 49 66
31 50 53
31 51 39
31 52 65
31 53 21
31 54 19
31 55 78
31 56 95
31 57 36
31 58 67
31 59 13
31 60 52
31 61 54
31 62 8
31 63 84
31 64 11
31 65 67
31 66 7
31 67 85
31 68 92
31 69 68
31 70 70
31 71 82
31 72 37
31 73 93
31 74 3
31 75 85
31 76 1
31 77 72
31 78 14
31 79 37
31 80 79
31 81 74
31 82 47
31 83 82
31 84 39
31 85 74
31 86 79
31 87 59
31 88 89
31 89 32
31 90 39
31 91 15
31 92 45
31 93 58
31 94 18
31 95 35
31 96 31
31 97 36
31 98 84
31 99 44
32 33 89
32 34 39
32 35 65
32 36 54
32 37 24
32 38 82
32 39 40
32 40 87
32 41 89
32 42 24
32 43 2
32 44 64
32 45 16
32 46 64
32 47 62
32 48 37
32 49 80
32 50 51
32 51 90
32 52 86
32 53 34
32 54 23
32 55 64
32 56 54
32 57 37
32 58 40
32 59 14
32 60 94
32 61 27
32 62 59
32 63 3
32 64 90
32 65 10
32 66 69
32 67 62
32 68 69
32 69 8
32 70 1
32 71 48
32 72 37
32 73 72
32 74 51
32 75 9
32 76 66
32 77 24
32 78 88
32 79 76
32 80 13
32 81 55
32 82 91
32 83 41
32 84 88
32 85 81
32 86 65
32 87 70
32 88 98
32 89 94
32 90 73
32 91 22
32 92 54
32 93 29
32 94 30
32 95 94
32 96 72
32 97 33
32 98 62
32 99 90
33 34 76
33 35 27
33 36 16
33 37 41
33 38 99
33 39 35
33 40 81
33 41 25
33 42 73
33 43 80
33 44 96
33 45 14
33 46 24
33 47 98
33 48 100
33 49 94
33 50 91
33 51 86
33 52 83
33 53 39
33 54 91
33 55 62
33 56 87
33 57 62
33 58 53
33 59 84
33 60 52
33 61 74
33 62 64
33 63 16
33 64 34
33 65 31
33 66 20
33 67 4
33 68 93
33 69 23
33 70 79
33 71 2
33 72 34
33 73 45
33 74 2
33 75 71
33 76 6
33 77 60
33 78 72
33 79 79
33 80 10
33 81 78
33 82 92
33 83 48
33 84 80
33 85 36
33 86 67
33 87 21
33 88 61
33 89 50
33 90 13
33 91 61
33 92 40
33 93 15
33 94 79
33 95 64
33 96 7
33 97 14
33 98 90
33 99 34
34 35 83
34 36 79
34 37 36
34 38 47
34 39 1
34 40 15
34 41 12
34 42 87
34 43 92
34 44 95
34 45 26
34 46 1
34 47 5
34 48 85
34 49 37
34 50 13
34 51 20
34 52 75
34 53 1
34 54 70
34 55 16
34 56 81
34 57 30
34 58 65
34 59 45
34 60 51
34 61 38
34 62 56
34 63 1
34 64 2
34 65 6
34 66 42
34 67 92
34 68 74
34 69 60
34 70 81
34 71 62
34 72 87
34 73 100
34 74 71
34 75 75
34 76 49
34 77 76
34 78 63
34 79 80
34 80 53
34 81 58
34 82 96
34 83 41
34 84 33
34 85 5
34 86 13
34 87 47
34 88 1
34 89 35
34 90 52
34 91 41
34 92 42
34 93 92
34 94 40
34 95 36
34 96 95
34 97 7
34 98 52
34 99 51
35 36 81
35 37 59
35 38 32
35 39 77
35 40 81
35 41 18
35 42 81
35 43 49
35 44 39
35 45 42
35 46 55
35 47 74
35 48 24
35 49 46
35 50 55
35 51 73
35 52 51
35 53 93
35 54 42
35 55 20
35 56 31
35 57 80
35 58 4
35 59 36
35 60 29
35 61 75
35 62 12
35 63 68
35 64 16
35 65 87
35 66 6
35 67 27
35 68 47
35 69 75
35 70 26
35 71 64
35 72 55
35 73 19
35 74 28
35 75 34
35 76 2
35 77 40
35 78 2
35 79 99
35 80 28
35 81 97
35 82 25
35 83 93
35 84 24
35 85 20
35 86 14
35 87 21
35 88 54
35 89 60
35 90 35
35 91 27
35 92 18
35 93 32
35 94 12
35 95 100
35 96 88
35 97 88
35 98 94
35 99 32
36 37 13
36 38 82
36 39 65
36 40 51
36 41 23
36 42 29
36 43 18
36 44 55
36 45 86
36 46 90
36 47 46
36 48 58
36 49 65
36 50 39
36 51 75
36 52 50
36 53 83
36 54 82
36 55 44
36 56 15
36 57 78
36 58 91
36 59 5
36 60 66
36 61 5
36 62 95
36 63 38
36 64 51
36 65 71
36 66 72
36 67 51
36 68 15
36 69 83
36 70 14
36 71 25
36 72 1
36 73 80
36 74 47
36 75 50
36 76 12
36 77 65
36 78 50
36 79 38
36 80 24
36 81 8
36 82 39
36 83 73
36 84 79
36 85 83
36 86 4
36 87 54
36 88 62
36 89 17
36 90 16
36 91 4
36 92 47
36 93 80
36 94 61
36 95 46
36 96 71
36 97 31
36 98 10
36 99 12
37 38 23
37 39 2
37 40 32
37 41 42
37 42 34
37 43 90
37 44 33
37 45 91
37 46 9
37 47 33
37 48 19
37 49 36
37 50 36
37 51 93
37 52 90
37 53 12
37 54 37
37 55 19
37 56 74
37 57 17
37 58 1
37 59 21
37 60 95
37 61 36
37 62 87
37 63 59
37 64 41
37 65 27
37 66 81
37 67 43
37 68 9
37 69 92
37 70 6
37 71 94
37 72 30
37 73 67
37 74 79
37 75 80
37 76 11
37 77 34
37 78 59
37 79 95
37 80 35
37 81 30
37 82 40
37 83 8
37 84 11
37 85 72
37 86 9
37 87 26
37 88 22
37 89 76
37 90 20
37 91 24
37 92 30
37 93 27
37 94 29
37 95 59
37 96 87
37 97 70
37 98 9
37 99 25
38 39 96
38 40 80
38 41 58
38 42 12
38 43 21
38 44 98
38 45 52
38 46 52
38 47 87
38 48 32
38 49 36
38 50 12
38 51 86
38 52 49
38 53 70
38 54 19
38 55 24
38 56 30
38 57 9
38 58 25
38 59 68
38 60 60
38 61 58
38 62 58
38 63 13
38 64 48
38 65 12
38 66 34
38 67 93
38 68 50
38 69 42
38 70 46
38 71 79
38 72 46
38 73 77
38 74 30
38 75 62
38 76 90
38 77 96
38 78 44
38 79 84
38 80 64
38 81 25
38 82 58
38 83 88
38 84 27
38 85 7
38 86 25
38 87 28
38 88 18
38 89 22
38 90 75
38 91 63
38 92 61
38 93 34
38 94 79
38 95 23
38 96 83
38 97 76
38 98 69
38 99 74
39 40 60
39 41 73
39 42 98
39 43 28
39 44 41
39 45 82
39 46 61
39 47 10
39 48 57
39 49 33
39 50 39
39 51 71
39 52 2
39 53 9
39 54 71
39 55 55
39 56 55
39 57 88
39 58 33
39 59 27
39 60 18
39 61 26
39 62 83
39 63 20
39 64 54
39 65 83
39 66 8
39 67 46
39 68 47
39 69 19
39 70 10
39 71 73
39 72 100
39 73 95
39 74 87
39 75 12
39 76 16
39 77 69
39 78 40
39 79 12
39 80 82
39 81 85
39 82 61
39 83 28
39 84 23
39 85 81
39 86 74
39 87 49
39 88 79
39 89 1
39 90 89
39 91 6
39 92 47
39 93 52
39 94 13
39 95 35
39 96 5
39 97 38
39 98 17
39 99 90
40 41 50
40 42 68
40 43 48
40 44 97
40 45 20
40 46 70
40 47 31
40 48 46
40 49 28
40 50 13
40 51 15
40 52 36
40 53 67
40 54 39
40 55 6
40 56 31
40 57 57
40 58 36
40 59 69
40 60 91
40 61 64
40 62 26
40 63 14
40 64 95
40 65 61
40 66 61
40 67 60
40 68 27
40 69 57
40 70 56
40 71 21
40 72 21
40 73 35
40 74 43
40 75 8
40 76 55
40 77 27
40 78 22
40 79 31
40 80 3
40 81 88
40 82 78
40 83 41
40 84 9
40 85 20
40 86 38
40 87 13
40 88 62
40 89 1
40 90 12
40 91 97
40 92 48
40 93 40
40 94 54
40 95 61
40 96 41
40 97 51
40 98 69
40 99 45
41 42 34
41 43 6
41 44 56
41 45 6
41 46 49
41 47 85
41 48 48
41 49 85
41 50 60
41 51 54
41 52 87
41 53 61
41 54 42
41 55 5
41 56 39
41 57 12
41 58 98
41 59 23
41 60 29
41 61 14
41 62 75
41 63 98
41 64 95
41 65 58
41 66 90
41 67 25
41 68 46
41 69 100
41 70 72
41 71 42
41 72 70
41 73 94
41 74 90
41 75 24
41 76 86
41 77 1
41 78 92
41 79 24
41 80 89
41 81 14
41 82 30
41 83 76
41 84 27
41 85 96
41 86 4
41 87 31
41 88 54
41 89 38
41 90 25
41 91 38
41 92 25
41 93 27
41 94 61
41 95 76
41 96 75
41 97 63
41 98 12
41 99 14
42 43 99
42 44 54
42 45 85
42 46 45
42 47 14
42 48 76
42 49 95
42 50 15
42 51 47
42 52 44
42 53 100
42 54 38
42 55 86
42 56 8
42 57 88
42 58 10
42 59 2
42 60 87
42 61 25
42 62 68
42 63 71
42 64 98
42 65 6
42 66 40
42 67 54
42 68 42
42 69 56
42 70 71
42 71 49
42 72 23
42 73 42
42 74 60
42 75 72
42 76 57
42 77 81
42 78 53
42 79 34
42 80 62
42 81 21
42 82 13
42 83 95
42 84 69
42 85 64
42 86 59
42 87 69
42 88 18
42 89 82
42 90 4
42 91 56
42 92 8
42 93 15
42 94 58
42 95 58
42 96 21
42 97 64
42 98 77
42 99 44
43 44 40
43 45 52
43 46 61
43 47 6
43 48 5
43 49 81
43 50 40
43 51 8
43 52 12
43 53 65
43 54 89
43 55 41
43 56 19
43 57 45
43 58 76
43 59 24
43 60 66
43 61 31
43 62 74
43 63 28
43 64 97
43 65 97
43 66 50
43 67 11
43 68 36
43 69 44
43 70 52
43 71 100
43 72 44
43 73 31
43 74 7
43 75 43
43 76 79
43 77 23
43 78 15
43 79 71
43 80 1
43 81 1
43 82 26
43 83 58
43 84 49
43 85 85
43 86 16
43 87 73
43 88 88
43 89 91
43 90 7
43 91 11
43 92 30
43 93 82
43 94 41
43 95 93
43 96 87
43 97 39
43 98 37
43 99 20
44 45 1
44 46 1
44 47 53
44 48 46
44 49 25
44 50 66
44 51 47
44 52 87
44 53 100
44 54 48
44 55 15
44 56 85
44 57 47
44 58 29
44 59 81
44 60 2
44 61 76
44 62 2
44 63 94
44 64 20
44 65 96
44 66 42
44 67 86
44 68 1
44 69 92
44 70 67
44 71 85
44 72 68
44 73 95
44 74 99
44 75 93
44 76 4
44 77 86
44 78 86
44 79 38
44 80 54
44 81 9
44 82 67
44 83 68
44 84 84
44 85 58
44 86 89
44 87 73
44 88 26
44 89 23
44 90 69
44 91 49
44 92 95
44 93 90
44 94 61
44 95 28
44 96 28
44 97 97
44 98 57
44 99 46
45 46 27
45 47 63
45 48 84
45 49 5
45 50 71
45 51 33
45 52 83
45 53 83
45 54 85
45 55 69
45 56 49
45 57 13
45 58 74
45 59 100
45 60 90
45 61 84
45 62 39
45 63 62
45 64 1
45 65 89
45 66 8
45 67 68
45 68 73
45 69 77
45 70 12
45 71 88
45 72 39
45 73 47
45 74 29
45 75 59
45 76 36
45 77 8
45 78 98
45 79 88
45 80 44
45 81 13
45 82 10
45 83 78
45 84 22
45 85 9
45 86 68
45 87 2
45 88 34
45 89 67
45 90 62
45 91 40
45 92 76
45 93 40
45 94 54
45 95 71
45 96 77
45 97 14
45 98 98
45 99 100
46 47 10
46 48 56
46 49 2
46 50 30
46 51 28
46 52 66
46 53 72
46 54 6
46 55 84
46 56 1
46 57 90
46 58 60
46 59 67
46 60 2
46 61 96
46 62 75
46 63 3
46 64 76
46 65 13
46 66 26
46 67 12
46 68 30
46 69 46
46 70 82
46 71 16
46 72 58
46 73 97
46 74 67
46 75 9
46 76 36
46 77 99
46 78 67
46 79 13
46 80 63
46 81 72
46 82 40
46 83 79
46 84 47
46 85 53
46 86 71
46 87 43
46 88 12
46 89 64
46 90 14
46 91 57
46 92 85
46 93 30
46 94 67
46 95 13
46 96 9
46 97 32
46 98 99
46 99 81
47 48 5
47 49 43
47 50 93
47 51 87
47 52 45
47 53 21
47 54 73
47 55 47
47 56 68
47 57 3
47 58 72
47 59 5
47 60 99
47 61 95
47 62 70
47 63 79
47 64 5
47 65 59
47 66 47
47 67 60
47 68 87
47 69 97
47 70 3
47 71 39
47 72 18
47 73 84
47 74 49
47 75 100
47 76 52
47 77 3
47 78 30
47 79 65
47 80 70
47 81 80
47 82 3
47 83 45
47 84 95
47 85 81
47 86 44
47 87 85
47 88 57
47 89 6
47 90 21
47 91 60
47 92 60
47 93 84
47 94 70
47 95 96
47 96 17
47 97 66
47 98 63
47 99 3
48 49 79
48 50 25
48 51 65
48 52 100
48 53 52
48 54 75
48 55 30
48 56 82
48 57 76
48 58 10
48 59 90
48 60 59
48 61 75
48 62 8
48 63 46
48 64 69
48 65 46
48 66 60
48 67 11
48 68 30
48 69 24
48 70 42
48 71 63
48 72 53
48 73 50
48 74 15
48 75 31
48 76 64
48 77 30
48 78 66
48 79 70
48 80 1
48 81 27
48 82 54
48 83 60
48 84 87
48 85 51
48 86 35
48 87 74
48 88 3
48 89 66
48 90 97
48 91 8
48 92 30
48 93 3
48 94 14
48 95 79
48 96 86
48 97 15
48 98 74
48 99 29
49 50 83
49 51 67
49 52 61
49 53 100
49 54 62
49 55 99
49 56 62
49 57 73
49 58 11
49 59 18
49 60 35
49 61 22
49 62 90
49 63 36
49 64 19
49 65 38
49 66 3
49 67 53
49 68 17
49 69 86
49 70 77
49 71 93
49 72 26
49 73 73
49 74 32
49 75 63
49 76 71
49 77 99
49 78 2
49 79 51
49 80 23
49 81 47
49 82 76
49 83 37
49 84 57
49 85 68
49 86 88
49 87 5
49 88 89
49 89 63
49 90 75
49 91 66
49 92 54
49 93 55
49 94 42
49 95 2
49 96 22
49 97 6
49 98 44
49 99 41
50 51 49
50 52 100
50 53 26
50 54 74
50 55 74
50 56 27
50 57 24
50 58 9
50 59 95
50 60 67
50 61 15
50 62 92
50 63 40
50 64 67
50 65 40
50 66 68
50 67 66
50 68 52
50 69 15
50 70 69
50 71 1
50 72 96
50 73 76
50 74 20
50 75 43
50 76 52
50 77 77
50 78 84
50 79 49
50 80 16
50 81 72
50 82 14
50 83 2
50 84 76
50 85 36
50 86 43
50 87 62
50 88 18
50 89 53
50 90 83
50 91 21
50 92 38
50 93 67
50 94 34
50 95 86
50 96 94
50 97 95
50 98 79
50 99 28
51 52 43
51 53 82
51 54 43
51 55 93
51 56 19
51 57 9
51 58 34
51 59 20
51 60 15
51 61 78
51 62 57
51 63 18
51 64 75
51 65 68
51 66 14
51 67 97
51 68 48
51 69 48
51 70 18
51 71 64
51 72 76
51 73 31
51 74 1
51 75 67
51 76 81
51 77 49
51 78 19
51 79 42
51 80 65
51 81 58
51 82 55
51 83 51
51 84 7
51 85 20
51 86 84
51 87 20
51 88 73
51 89 34
51 90 5
51 91 92
51 92 80
51 93 44
51 94 52
51 95 1
51 96 58
51 97 98
51 98 35
51 99 48
52 53 86
52 54 84
52 55 49
52 56 13
52 57 58
52 58 56
52 59 27
52 60 38
52 61 61
52 62 61
52 63 64
52 64 85
52 65 6
52 66 23
52 67 12
52 68 65
52 69 92
52 70 88
52 71 97
52 72 28
52 73 58
52 74 78
52 75 96
52 76 81
52 77 26
52 78 12
52 79 83
52 80 61
52 81 80
52 82 58
52 83 67
52 84 26
52 85 2
52 86 87
52 87 76
52 88 22
52 89 3
52 90 40
52 91 9
52 92 13
52 93 62
52 94 63
52 95 79
52 96 59
52 97 53
52 98 44
52 99 78
53 54 11
53 55 69
53 56 74
53 57 8
53 58 99
53 59 67
53 60 15
53 61 59
53 62 83
53 63 81
53 64 50
53 65 68
53 66 36
53 67 22
53 68 89
53 69 76
53 70 19
53 71 79
53 72 44
53 73 10
53 74 92
53 75 80
53 76 54
53 77 59
53 78 66
53 79 6
53 80 79
53 81 27
53 82 2
53 83 87
53 84 4
53 85 57
53 86 75
53 87 36
53 88 61
53 89 17
53 90 85
53 91 20
53 92 1
53 93 5
53 94 40
53 95 64
53 96 34
53 97 33
53 98 41
53 99 35
54 55 28
54 56 87
54 57 15
54 58 98
54 59 32
54 60 41
54 61 26
54 62 83
54 63 28
54 64 35
54 65 49
54 66 62
54 67 42
54 68 33
54 69 94
54 70 6
54 71 72
54 72 1
54 73 93
54 74 20
54 75 58
54 76 6
54 77 30
54 78 43
54 79 80
54 80 72
54 81 90
54 82 94
54 83 41
54 84 88
54 85 4
54 86 100
54 87 15
54 88 30
54 89 93
54 90 14
54 91 15
54 92 53
54 93 80
54 94 84
54 95 67
54 96 44
54 97 88
54 98 77
54 99 32
55 56 52
55 57 42
55 58 10
55 59 57
55 60 8
55 61 61
55 62 16
55 63 92
55 64 34
55 65 94
55 66 86
55 67 61
55 68 96
55 69 6
55 70 8
55 71 60
55 72 39
55 73 100
55 74 37
55 75 76
55 76 22
55 77 3
55 78 39
55 79 36
55 80 73
55 81 92
55 82 33
55 83 76
55 84 56
55 85 91
55 86 25
55 87 44
55 88 51
55 89 16
55 90 46
55 91 2
55 92 38
55 93 2
55 94 75
55 95 97
55 96 4
55 97 8
55 98 19
55 99 19
56 57 20
56 58 33
56 59 78
56 60 35
56 61 12
56 62 70
56 63 83
56 64 89
56 65 69
56 66 76
56 67 61
56 68 26
56 69 99
56 70 25
56 71 62
56 72 49
56 73 76
56 74 91
56 75 79
56 76 99
56 77 47
56 78 21
56 79 34
56 80 56
56 81 5
56 82 30
56 83 23
56 84 44
56 85 81
56 86 2
56 87 16
56 88 82
56 89 2
56 90 54
56 91 66
56 92 26
56 93 93
56 94 88
56 95 90
56 96 39
56 97 52
56 98 42
56 99 83
57 58 54
57 59 55
57 60 71
57 61 36
57 62 81
57 63 31
57 64 9
57 65 34
57 66 27
57 67 76
57 68 69
57 69 28
57 70 23
57 71 12
57 72 19
57 73 53
57 74 37
57 75 46
57 76 40
57 77 57
57 78 25
57 79 77
57 80 75
57 81 28
57 82 18
57 83 18
57 84 98
57 85 72
57 86 17
57 87 54
57 88 58
57 89 95
57 90 4
57 91 18
57 92 14
57 93 23
57 94 76
57 95 77
57 96 32
57 97 44
57 98 92
57 99 52
58 59 85
58 60 50
58 61 24
58 62 27
58 63 91
58 64 76
58 65 57
58 66 48
58 67 47
58 68 31
58 69 97
58 70 28
58 71 91
58 72 85
58 73 54
58 74 91
58 75 18
58 76 84
58 77 30
58 78 90
58 79 13
58 80 36
58 81 23
58 82 59
58 83 41
58 84 31
58 85 92
58 86 20
58 87 52
58 88 56
58 89 58
58 90 54
58 91 60
58 92 52
58 93 13
58 94 69
58 95 16
58 96 99
58 97 20
58 98 49
58 99 89
59 60 45
59 61 8
59 62 54
59 63 11
59 64 84
59 65 19
59 66 35
59 67 59
59 68 23
59 69 78
59 70 55
59 71 4
59 72 73
59 73 83
59 74 55
59 75 70
59 76 12
59 77 84
59 78 44
59 79 93
59 80 11
59 81 32
59 82 41
59 83 37
59 84 10
59 85 41
59 86 60
59 87 92
59 88 49
59 89 96
59 90 7
59 91 54
59 92 79
59 93 45
59 94 56
59 95 84
59 96 35
59 97 17
59 98 77
59 99 56
60 61 36
60 62 35
60 63 82
60 64 98
60 65 43
60 66 41
60 67 1
60 68 11
60 69 36
60 70 79
60 71 29
60 72 66
60 73 18
60 74 32
60 75 68
60 76 65
60 77 33
60 78 96
60 79 28
60 80 21
60 81 7
60 82 87
60 83 88
60 84 90
60 85 27
60 86 13
60 87 88
60 88 50
60 89 54
60 90 15
60 91 6
60 92 25
60 93 51
60 94 22
60 95 21
60 96 24
60 97 34
60 98 45
60 99 91
61 62 75
61 63 1
61 64 84
61 65 23
61 66 65
61 67 23
61 68 15
61 69 87
61 70 76
61 71 27
61 72 29
61 73 37
61 74 23
61 75 24
61 76 15
61 77 30
61 78 24
61 79 49
61 80 4
61 81 97
61 82 52
61 83 19
61 84 20
61 85 16
61 86 97
61 87 17
61 88 36
61 89 14
61 90 30
61 91 60
61 92 83
61 93 71
61 94 10
61 95 54
61 96 31
61 97 38
61 98 7
61 99 62
62 63 7
62 64 78
62 65 22
62 66 30
62 67 76
62 68 79
62 69 96
62 70 11
62 71 42
62 72 6
62 73 52
62 74 13
62 75 71
62 76 24
62 77 70
62 78 74
62 79 17
62 80 24
62 81 24
62 82 92
62 83 99
62 84 71
62 85 92
62 86 74
62 87 31
62 88 68
62 89 34
62 90 95
62 91 18
62 92 84
62 93 36
62 94 64
62 95 46
62 96 16
62 97 32
62 98 56
62 99 81
63 64 86
63 65 15
63 66 96
63 67 26
63 68 19
63 69 44
63 70 67
63 71 40
63 72 55
63 73 16
63 74 93
63 75 48
63 76 63
63 77 70
63 78 65
63 79 91
63 80 87
63 81 79
63 82 97
63 83 95
63 84 15
63 85 96
63 86 15
63 87 91
63 88 5
63 89 90
63 90 66
63 91 85
63 92 22
63 93 2
63 94 2
63 95 76
63 96 6
63 97 78
63 98 15
63 99 69
64 65 80
64 66 3
64 67 64
64 68 37
64 69 84
64 70 10
64 71 47
64 72 57
64 73 11
64 74 82
64 75 17
64 76 73
64 77 14
64 78 63
64 79 56
64 80 47
64 81 76
64 82 94
64 83 33
64 84 24
64 85 34
64 86 26
64 87 82
64 88 86
64 89 67
64 90 11
64 91 74
64 92 70
64 93 55
64 94 67
64 95 63
64 96 67
64 97 96
64 98 66
64 99 20
65 66 94
65 67 59
65 68 18
65 69 55
65 70 11
65 71 9
65 72 52
65 73 50
65 74 13
65 75 10
65 76 11
65 77 21
65 78 30
65 79 80
65 80 10
65 81 48
65 82 86
65 83 79
65 84 28
65 85 89
65 86 40
65 87 92
65 88 78
65 89 16
65 90 10
65 91 8
65 92 39
65 93 88
65 94 46
65 95 75
65 96 13
65 97 17
65 98 68
65 99 89
66 67 68
66 68 57
66 69 43
66 70 90
66 71 85
66 72 71
66 73 39
66 74 23
66 75 29
66 76 66
66 77 44
66 78 72
66 79 54
66 80 47
66 81 100
66 82 37
66 83 99
66 84 80
66 85 15
66 86 94
66 87 89
66 88 12
66 89 14
66 90 18
66 91 68
66 92 72
66 93 77
66 94 39
66 95 100
66 96 73
66 97 33
66 98 79
66 99 40
67 68 89
67 69 28
67 70 89
67 71 92
67 72 70
67 73 82
67 74 92
67 75 79
67 76 41
67 77 40
67 78 21
67 79 8
67 80 64
67 81 94
67 82 47
67 83 90
67 84 64
67 85 30
67 86 11
67 87 46
67 88 69
67 89 8
67 90 8
67 91 87
67 92 8
67 93 45
67 94 99
67 95 68
67 96 99
67 97 43
67 98 65
67 99 95
68 69 84
68 70 63
68 71 28
68 72 90
68 73 76
68 74 1
68 75 31
68 76 38
68 77 20
68 78 30
68 79 19
68 80 32
68 81 30
68 82 43
68 83 15
68 84 51
68 85 3
68 86 9
68 87 51
68 88 65
68 89 51
68 90 16
68 91 17
68 92 64
68 93 27
68 94 59
68 95 69
68 96 39
68 97 11
68 98 10
68 99 99
69 70 77
69 71 95
69 72 18
69 73 76
69 74 60
69 75 15
69 76 33
69 77 21
69 78 29
69 79 31
69 80 13
69 81 81
69 82 15
69 83 81
69 84 92
69 85 64
69 86 93
69 87 62
69 88 27
69 89 34
69 90 54
69 91 55
69 92 76
69 93 67
69 94 60
69 95 48
69 96 27
69 97 82
69 98 97
69 99 91
70 71 89
70 72 4
70 73 56
70 74 54
70 75 24
70 76 58
70 77 73
70 78 76
70 79 67
70 80 90
70 81 35
70 82 33
70 83 98
70 84 66
70 85 33
70 86 60
70 87 39
70 88 91
70 89 65
70 90 100
70 91 59
70 92 92
70 93 23
70 94 61
70 95 63
70 96 98
70 97 13
70 98 43
70 99 58
71 72 20
71 73 22
71 74 95
71 75 23
71 76 80
71 77 52
71 78 45
71 79 98
71 80 83
71 81 95
71 82 53
71 83 89
71 84 93
71 85 12
71 86 78
71 87 36
71 88 55
71 89 54
71 90 63
71 91 16
71 92 35
71 93 17
71 94 43
71 95 59
71 96 22
71 97 54
71 98 82
71 99 79
72 73 70
72 74 1
72 75 11
72 76 91
72 77 67
72 78 88
72 79 2
72 80 40
72 81 11
72 82 79
72 83 70
72 84 15
72 85 7
72 86 35
72 87 39
72 88 8
72 89 2
72 90 44
72 91 6
72 92 97
72 93 58
72 94 11
72 95 15
72 96 93
72 97 36
72 98 97
72 99 95
73 74 22
73 75 70
73 76 70
73 77 33
73 78 6
73 79 44
73 80 17
73 81 22
73 82 87
73 83 16
73 84 16
73 85 100
73 86 48
73 87 90
73 88 54
73 89 6
73 90 38
73 91 18
73 92 2
73 93 8
73 94 97
73 95 40
73 96 83
73 97 88
73 98 90
73 99 2
74 75 90
74 76 56
74 77 79
74 78 34
74 79 17
74 80 93
74 81 89
74 82 98
74 83 83
74 84 77
74 85 69
74 86 97
74 87 21
74 88 65
74 89 81
74 90 8
74 91 19
74 92 86
74 93 94
74 94 88
74 95 99
74 96 55
74 97 46
74 98 48
74 99 21
75 76 66
75 77 21
75 78 65
75 79 9
75 80 45
75 81 88
75 82 5
75 83 78
75 84 19
75 85 16
75 86 21
75 87 77
75 88 28
75 89 18
75 90 68
75 91 49
75 92 7
75 93 98
75 94 12
75 95 31
75 96 69
75 97 32
75 98 67
75 99 65
76 77 52
76 78 91
76 79 18
76 80 64
76 81 63
76 82 84
76 83 99
76 84 97
76 85 19
76 86 39
76 87 40
76 88 70
76 89 68
76 90 9
76 91 94
76 92 15
76 93 68
76 94 62
76 95 43
76 96 100
76 97 41
76 98 27
76 99 29
77 78 29
77 79 53
77 80 44
77 81 35
77 82 64
77 83 22
77 84 87
77 85 25
77 86 83
77 87 10
77 88 75
77 89 90
77 90 45
77 91 33
77 92 62
77 93 88
77 94 89
77 95 28
77 96 54
77 97 68
77 98 63
77 99 94
78 79 10
78 80 10
78 81 80
78 82 48
78 83 50
78 84 73
78 85 64
78 86 95
78 87 11
78 88 55
78 89 26
78 90 8
78 91 9
78 92 32
78 93 46
78 94 10
78 95 73
78 96 80
78 97 23
78 98 3
78 99 36
79 80 3
79 81 49
79 82 42
79 83 93
79 84 8
79 85 27
79 86 15
79 87 4
79 88 87
79 89 38
79 90 39
79 91 95
79 92 73
79 93 87
79 94 20
79 95 16
79 96 34
79 97 59
79 98 85
79 99 40
80 81 3
80 82 85
80 83 75
80 84 57
80 85 79
80 86 33
80 87 23
80 88 65
80 89 34
80 90 9
80 91 48
80 92 8
80 93 63
80 94 67
80 95 65
80 96 99
80 97 8
80 98 42
80 99 13
81 82 55
81 83 25
81 84 9
81 85 66
81 86 61
81 87 97
81 88 9
81 89 48
81 90 27
81 91 4
81 92 19
81 93 31
81 94 45
81 95 79
81 96 80
81 97 66
81 98 10
81 99 77
82 83 73
82 84 49
82 85 55
82 86 95
82 87 15
82 88 89
82 89 44
82 90 96
82 91 7
82 92 41
82 93 8
82 94 5
82 95 95
82 96 1
82 97 32
82 98 63
82 99 19
83 84 16
83 85 96
83 86 59
83 87 14
83 88 94
83 89 82
83 90 27
83 91 47
83 92 68
83 93 75
83 94 96
83 95 93
83 96 16
83 97 90
83 98 15
83 99 45
84 85 35
84 86 21
84 87 89
84 88 70
84 89 55
84 90 49
84 91 58
84 92 72
84 93 96
84 94 69
84 95 1
84 96 34
84 97 89
84 98 63
84 99 18
85 86 21
85 87 34
85 88 97
85 89 53
85 90 41
85 91 92
85 92 97
85 93 65
85 94 88
85 95 78
85 96 72
85 97 30
85 98 61
85 99 64
86 87 4
86 88 92
86 89 2
86 90 38
86 91 9
86 92 81
86 93 18
86 94 92
86 95 93
86 96 59
86 97 12
86 98 80
86 99 24
87 88 50
87 89 88
87 90 95
87 91 35
87 92 31
87 93 43
87 94 91
87 95 16
87 96 93
87 97 45
87 98 53
87 99 89
88 89 66
88 90 13
88 91 68
88 92 15
88 93 88
88 94 57
88 95 42
88 96 72
88 97 58
88 98 9
88 99 85
89 90 54
89 91 30
89 92 88
89 93 16
89 94 2
89 95 65
89 96 75
89 97 4
89 98 40
89 99 4
90 91 48
90 92 99
90 93 76
90 94 59
90 95 41
90 96 7
90 97 82
90 98 45
90 99 81
91 92 86
91 93 60
91 94 94
91 95 16
91 96 55
91 97 12
91 98 23
91 99 24
92 93 31
92 94 26
92 95 96
92 96 59
92 97 32
92 98 77
92 99 85
93 94 4
93 95 34
93 96 65
93 97 83
93 98 16
93 99 44
94 95 30
94 96 72
94 97 18
94 98 86
94 99 95
95 96 69
95 97 67
95 98 30
95 99 60
96 97 18
96 98 83
96 99 18
97 98 5
97 99 42
98 99 41
